volt    param        param        lx7
         1/lx8(mp)     -i(mp)         mp
3.30000     6.277e+12    8.015e-12    5.633e-12
3.29000     4.804e+12    8.081e-12    7.361e-12
3.28000     3.676e+12    8.165e-12    9.618e-12
3.27000     2.813e+12    8.275e-12    1.257e-11
3.26000     2.153e+12    8.419e-12    1.642e-11
3.25000     1.648e+12    8.608e-12    2.146e-11
3.24000     1.261e+12    8.854e-12    2.804e-11
3.23000     9.654e+11    9.174e-12    3.663e-11
3.22000     7.388e+11    9.595e-12    4.786e-11
3.21000     5.655e+11    1.014e-11    6.253e-11
3.20000     4.328e+11    1.086e-11    8.170e-11
3.19000     3.312e+11    1.180e-11    1.067e-10
3.18000     2.535e+11    1.302e-11    1.395e-10
3.17000     1.940e+11    1.462e-11    1.822e-10
3.16000     1.485e+11    1.671e-11    2.380e-10
3.15000     1.137e+11    1.944e-11    3.109e-10
3.14000     8.706e+10    2.300e-11    4.062e-10
3.13000     6.664e+10    2.766e-11    5.306e-10
3.12000     5.102e+10    3.374e-11    6.930e-10
3.11000     3.906e+10    4.168e-11    9.052e-10
3.10000     2.991e+10    5.206e-11    1.182e-09
3.09000     2.290e+10    6.561e-11    1.544e-09
3.08000     1.754e+10    8.330e-11    2.016e-09
3.07000     1.343e+10    1.064e-10    2.632e-09
3.06000     1.029e+10    1.366e-10    3.436e-09
3.05000     7.883e+09    1.759e-10    4.486e-09
3.04000     6.039e+09    2.273e-10    5.854e-09
3.03000     4.628e+09    2.944e-10    7.639e-09
3.02000     3.547e+09    3.819e-10    9.967e-09
3.01000     2.719e+09    4.961e-10    1.300e-08
3.00000     2.085e+09    6.450e-10    1.695e-08
2.99000     1.599e+09    8.392e-10    2.210e-08
2.98000     1.227e+09    1.092e-09    2.881e-08
2.97000     9.419e+08    1.422e-09    3.753e-08
2.96000     7.232e+08    1.852e-09    4.887e-08
2.95000     5.555e+08    2.411e-09    6.362e-08
2.94000     4.270e+08    3.139e-09    8.276e-08
2.93000     3.284e+08    4.085e-09    1.076e-07
2.92000     2.527e+08    5.315e-09    1.398e-07
2.91000     1.946e+08    6.913e-09    1.815e-07
2.90000     1.500e+08    8.986e-09    2.355e-07
2.89000     1.157e+08    1.168e-08    3.052e-07
2.88000     8.938e+07    1.516e-08    3.951e-07
2.87000     6.910e+07    1.966e-08    5.109e-07
2.86000     5.350e+07    2.549e-08    6.599e-07
2.85000     4.147e+07    3.300e-08    8.510e-07
2.84000     3.220e+07    4.268e-08    1.096e-06
2.83000     2.504e+07    5.514e-08    1.409e-06
2.82000     1.951e+07    7.114e-08    1.807e-06
2.81000     1.523e+07    9.165e-08    2.314e-06
2.80000     1.191e+07    1.179e-07    2.958e-06
2.79000     9.339e+06    1.514e-07    3.772e-06
2.78000     7.337e+06    1.940e-07    4.799e-06
2.77000     5.777e+06    2.482e-07    6.093e-06
2.76000     4.559e+06    3.170e-07    7.716e-06
2.75000     3.606e+06    4.039e-07    9.750e-06
2.74000     2.859e+06    5.137e-07    1.229e-05
2.73000     2.272e+06    6.518e-07    1.546e-05
2.72000     1.809e+06    8.254e-07    1.940e-05
2.71000     1.444e+06    1.043e-06    2.430e-05
2.70000     1.155e+06    1.315e-06    3.036e-05
2.69000     9.262e+05    1.655e-06    3.785e-05
2.68000     7.444e+05    2.078e-06    4.707e-05
2.67000     6.000e+05    2.603e-06    5.836e-05
2.66000     4.852e+05    3.253e-06    7.212e-05
2.65000     3.938e+05    4.055e-06    8.878e-05
2.64000     3.211e+05    5.040e-06    1.088e-04
2.63000     2.631e+05    6.243e-06    1.326e-04
2.62000     2.169e+05    7.706e-06    1.606e-04
2.61000     1.800e+05    9.471e-06    1.933e-04
2.60000     1.505e+05    1.159e-05    2.308e-04
2.59000     1.267e+05    1.410e-05    2.735e-04
2.58000     1.076e+05    1.707e-05    3.212e-04
2.57000     9.224e+04    2.054e-05    3.740e-04
2.56000     7.969e+04    2.456e-05    4.316e-04
2.55000     6.944e+04    2.919e-05    4.937e-04
2.54000     6.102e+04    3.445e-05    5.597e-04
2.53000     5.406e+04    4.038e-05    6.292e-04
2.52000     4.828e+04    4.703e-05    7.014e-04
2.51000     4.344e+04    5.441e-05    7.758e-04
2.50000     3.936e+04    6.254e-05    8.518e-04
2.49000     3.590e+04    7.143e-05    9.287e-04
2.48000     3.295e+04    8.109e-05    1.006e-03
2.47000     3.041e+04    9.153e-05    1.083e-03
2.46000     2.821e+04    1.027e-04    1.160e-03
2.45000     2.630e+04    1.147e-04    1.236e-03
2.44000     2.462e+04    1.274e-04    1.311e-03
2.43000     2.314e+04    1.409e-04    1.385e-03
2.42000     2.182e+04    1.551e-04    1.457e-03
2.41000     2.065e+04    1.700e-04    1.528e-03
2.40000     1.959e+04    1.855e-04    1.597e-03
2.39000     1.864e+04    2.018e-04    1.665e-03
2.38000     1.777e+04    2.188e-04    1.731e-03
2.37000     1.698e+04    2.364e-04    1.796e-03
2.36000     1.625e+04    2.546e-04    1.859e-03
2.35000     1.559e+04    2.735e-04    1.921e-03
2.34000     1.497e+04    2.929e-04    1.982e-03
2.33000     1.440e+04    3.130e-04    2.041e-03
2.32000     1.386e+04    3.336e-04    2.099e-03
2.31000     1.336e+04    3.549e-04    2.157e-03
2.30000     1.290e+04    3.767e-04    2.213e-03
2.29000     1.246e+04    3.990e-04    2.268e-03
2.28000     1.204e+04    4.219e-04    2.323e-03
2.27000     1.165e+04    4.453e-04    2.376e-03
2.26000     1.128e+04    4.693e-04    2.429e-03
2.25000     1.093e+04    4.938e-04    2.481e-03
2.24000     1.060e+04    5.188e-04    2.533e-03
2.23000     1.028e+04    5.443e-04    2.583e-03
2.22000     9.981e+03    5.703e-04    2.633e-03
2.21000     9.693e+03    5.968e-04    2.683e-03
2.20000     9.418e+03    6.238e-04    2.732e-03
2.19000     9.154e+03    6.512e-04    2.780e-03
2.18000     8.902e+03    6.792e-04    2.828e-03
2.17000     8.660e+03    7.076e-04    2.875e-03
2.16000     8.427e+03    7.365e-04    2.921e-03
2.15000     8.204e+03    7.658e-04    2.967e-03
2.14000     7.990e+03    7.956e-04    3.013e-03
2.13000     7.783e+03    8.258e-04    3.058e-03
2.12000     7.585e+03    8.565e-04    3.102e-03
2.11000     7.393e+03    8.877e-04    3.146e-03
2.10000     7.208e+03    9.192e-04    3.189e-03
2.09000     7.030e+03    9.512e-04    3.232e-03
2.08000     6.858e+03    9.836e-04    3.275e-03
2.07000     6.692e+03    1.016e-03    3.316e-03
2.06000     6.531e+03    1.050e-03    3.358e-03
2.05000     6.376e+03    1.083e-03    3.399e-03
2.04000     6.225e+03    1.117e-03    3.439e-03
2.03000     6.079e+03    1.152e-03    3.479e-03
2.02000     5.938e+03    1.187e-03    3.518e-03
2.01000     5.802e+03    1.222e-03    3.557e-03
2.00000     5.669e+03    1.257e-03    3.595e-03
