Id2-8_2 	Time  	Vs_3      Time  	Id2-7_4  	Time
2.3656e-07	1.6581	0.50004	1.0592	2.9146e-07	2.4934
2.3752e-07	3.6754	0.50004	3.5438	2.9131e-07	3.8432
2.3748e-07	5.0245	0.50004	4.8928	2.9039e-07	5.1923
2.3729e-07	6.3745	0.50004	6.2427	2.8849e-07	6.5422
2.3731e-07	7.7235	0.50004	7.5917	2.8941e-07	7.8912
2.3689e-07	9.0725	0.50004	8.9407	2.8892e-07	9.2402
1.9775e-07	10.422	0.50004	10.29	2.3574e-07	10.589
2.0438e-07	11.771	0.50004	11.639	2.4303e-07	11.938
2.051e-07	13.12	0.50004	12.988	2.4562e-07	13.287
2.0557e-07	14.469	0.50004	14.357	2.4638e-07	14.636
2.0535e-07	15.818	0.50004	15.686	2.4498e-07	15.985
2.051e-07	17.5	0.50004	17.068	2.4422e-07	18.001
2.0252e-07	19.183	0.50004	19.051	2.4515e-07	19.35
2.037e-07	20.532	0.50004	20.4	2.4465e-07	20.699
2.0315e-07	21.881	0.50004	21.749	2.4315e-07	22.048
2.0335e-07	23.23	0.50004	23.098	2.4236e-07	23.397
2.0157e-07	24.579	0.50004	24.447	2.414e-07	24.746
2.025e-07	25.929	0.50004	25.797	2.407e-07	26.096
2.0185e-07	27.278	0.50004	27.146	2.4015e-07	27.445
2.0163e-07	28.627	0.50004	28.495	2.4141e-07	28.794
2.0185e-07	29.976	0.50004	29.844	2.4113e-07	30.144
2.0148e-07	31.325	0.50004	31.193	2.4057e-07	31.493
2.003e-07	33.007	0.50004	32.575	2.3949e-07	33.509
2.0049e-07	34.69	0.50004	34.558	2.3945e-07	34.858
2.0069e-07	36.039	0.50004	35.907	2.3856e-07	36.207
2e-07	37.388	0.50004	37.256	2.3779e-07	37.556
1.9987e-07	38.737	0.50004	38.605	2.3817e-07	38.905
1.9906e-07	40.086	0.50004	39.954	2.3775e-07	40.254
1.9872e-07	41.435	0.50004	41.303	2.3649e-07	41.603
1.9921e-07	42.784	0.50004	42.652	2.3715e-07	42.952
1.9883e-07	44.133	0.50004	44.001	2.3665e-07	44.301
1.9896e-07	45.482	0.50004	45.35	2.3568e-07	45.65
1.9796e-07	46.831	0.50004	46.699	2.3605e-07	46.999
1.9855e-07	48.514	0.50004	48.082	2.3541e-07	49.015
1.9766e-07	50.196	0.50004	50.064	2.3467e-07	50.364
1.9714e-07	51.545	0.50004	51.413	2.3461e-07	51.713
1.974e-07	52.894	0.50004	52.762	2.3454e-07	53.062
1.9725e-07	54.243	0.50004	54.111	2.3434e-07	54.411
1.9733e-07	55.592	0.50004	55.46	2.3426e-07	55.76
1.9716e-07	56.941	0.50004	56.809	2.336e-07	57.109
1.9709e-07	58.29	0.50004	58.158	2.3406e-07	58.458
1.9659e-07	59.639	0.50004	59.507	2.3338e-07	59.807
1.9638e-07	60.988	0.50004	60.856	2.3415e-07	61.156
1.9677e-07	62.337	0.50004	62.205	2.3328e-07	62.505
1.9622e-07	64.02	0.50005	63.588	2.3302e-07	64.521
1.9633e-07	65.702	0.50004	65.57	2.3222e-07	65.87
1.9669e-07	67.051	0.50004	66.919	2.327e-07	67.219
1.9657e-07	68.4	0.50004	68.268	2.3241e-07	68.568
1.9613e-07	69.749	0.50004	69.617	2.3161e-07	69.917
1.9579e-07	71.098	0.50004	70.966	2.3177e-07	71.266
1.9594e-07	72.447	0.50004	72.315	2.314e-07	72.615
1.9557e-07	73.796	0.50004	73.664	2.3226e-07	73.964
1.9507e-07	75.145	0.50004	75.013	2.3268e-07	75.313
1.958e-07	76.494	0.50004	76.362	2.3263e-07	76.662
1.9568e-07	77.843	0.50004	77.711	2.3153e-07	78.011
1.9653e-07	79.526	0.50004	79.094	2.3105e-07	80.027
1.9566e-07	81.209	0.50004	81.076	2.2967e-07	81.376
1.9525e-07	82.558	0.50004	82.425	2.2852e-07	82.725
1.9524e-07	83.907	0.50004	83.774	2.2929e-07	84.074
1.953e-07	85.256	0.50004	85.123	2.296e-07	85.423
1.9541e-07	86.605	0.50004	86.472	2.2995e-07	86.772
1.9507e-07	87.954	0.50004	87.821	2.2897e-07	88.121
1.9493e-07	89.303	0.50004	89.17	2.2871e-07	89.47
1.9471e-07	90.652	0.50004	90.519	2.285e-07	90.819
1.9539e-07	92.001	0.50004	91.868	2.2756e-07	92.168
1.9491e-07	93.351	0.50004	93.218	2.273e-07	93.518
1.9499e-07	95.033	0.50004	94.601	2.2868e-07	95.534
1.9409e-07	96.716	0.50004	96.583	2.2819e-07	96.883
1.9377e-07	98.065	0.50004	97.932	2.2846e-07	98.232
1.941e-07	99.414	0.50004	99.281	2.2823e-07	99.581
1.9411e-07	100.76	0.50004	100.63	2.2994e-07	100.93
1.9436e-07	102.11	0.50004	101.98	2.2973e-07	102.28
1.9406e-07	103.46	0.50004	103.33	2.2797e-07	103.63
1.9411e-07	104.81	0.50005	104.68	2.2792e-07	104.98
1.9407e-07	106.16	0.50004	106.03	2.272e-07	106.33
1.9333e-07	107.51	0.50004	107.38	2.2758e-07	107.68
1.938e-07	108.86	0.50004	108.72	2.2704e-07	109.02
1.9356e-07	110.54	0.50004	110.11	2.2731e-07	111.04
1.9393e-07	112.22	0.50004	112.09	2.274e-07	112.39
1.9426e-07	113.57	0.50004	113.44	2.2726e-07	113.74
1.9283e-07	114.92	0.50004	114.79	2.2681e-07	115.09
1.9311e-07	116.27	0.50004	116.14	2.2645e-07	116.44
1.9285e-07	117.62	0.50004	117.49	2.2668e-07	117.79
1.9307e-07	118.97	0.50004	118.83	2.2674e-07	119.13
1.9426e-07	120.32	0.50004	120.18	2.2683e-07	120.48
1.9446e-07	121.67	0.50005	121.53	2.2607e-07	121.83
1.9429e-07	123.01	0.50004	122.88	2.2692e-07	123.18
1.9427e-07	124.36	0.50004	124.23	2.2618e-07	124.53
1.9423e-07	126.05	0.50005	125.61	2.2602e-07	126.55
1.9291e-07	127.73	0.50004	127.6	2.2719e-07	127.9
1.9287e-07	129.08	0.50004	128.94	2.2686e-07	129.24
1.9242e-07	130.43	0.50004	130.29	2.2638e-07	130.59
1.9272e-07	131.78	0.50004	131.64	2.2572e-07	131.94
1.9275e-07	133.12	0.50004	132.99	2.2619e-07	133.29
1.9252e-07	134.47	0.50004	134.34	2.2609e-07	134.64
1.9296e-07	135.82	0.50004	135.69	2.263e-07	135.99
1.931e-07	137.17	0.50004	137.04	2.2586e-07	137.34
1.9305e-07	138.52	0.50004	138.39	2.2592e-07	138.69
1.931e-07	139.87	0.50004	139.74	2.2627e-07	140.04
1.9261e-07	141.55	0.50004	141.12	2.2635e-07	142.05
1.9272e-07	143.23	0.50004	143.1	2.2616e-07	143.4
1.9207e-07	144.58	0.50004	144.45	2.2636e-07	144.75
1.9239e-07	145.93	0.50004	145.8	2.2688e-07	146.1
1.9204e-07	147.28	0.50004	147.15	2.266e-07	147.45
1.9233e-07	148.63	0.50004	148.5	2.2636e-07	148.8
1.927e-07	149.98	0.50004	149.85	2.2635e-07	150.15
1.9273e-07	151.33	0.50004	151.2	2.261e-07	151.5
1.9289e-07	152.68	0.50004	152.54	2.2749e-07	152.85
1.9286e-07	154.03	0.50004	153.89	2.2646e-07	154.19
1.9257e-07	155.38	0.50005	155.24	2.2618e-07	155.54
1.9286e-07	157.06	0.50004	156.63	2.2545e-07	157.56
1.9294e-07	158.74	0.50004	158.61	2.2587e-07	158.91
1.926e-07	160.09	0.50004	159.96	2.2558e-07	160.26
1.9184e-07	161.44	0.50004	161.31	2.2537e-07	161.61
1.9253e-07	162.79	0.50004	162.66	2.2627e-07	162.96
1.9293e-07	164.14	0.50004	164	2.2628e-07	164.3
1.924e-07	165.49	0.50004	165.35	2.2571e-07	165.65
1.9243e-07	166.83	0.50004	166.7	2.2558e-07	167
1.9239e-07	168.18	0.50004	168.05	2.2485e-07	168.35
1.9173e-07	169.53	0.50004	169.4	2.2536e-07	169.7
1.9227e-07	170.88	0.50004	170.75	2.2538e-07	171.05
1.9234e-07	172.56	0.50004	172.13	2.2552e-07	173.07
1.9243e-07	174.25	0.50004	174.11	2.2588e-07	174.41
1.9212e-07	175.6	0.50004	175.46	2.2507e-07	175.76
1.922e-07	176.94	0.50004	176.81	2.2752e-07	177.11
1.9228e-07	178.29	0.50004	178.16	2.2804e-07	178.46
1.9102e-07	179.64	0.50004	179.51	2.2745e-07	179.81
1.9071e-07	180.99	0.50004	180.86	2.2687e-07	181.16
1.92e-07	182.34	0.50004	182.21	2.2692e-07	182.51
1.9063e-07	183.69	0.50004	183.56	2.2574e-07	183.86
1.9169e-07	185.04	0.50004	184.91	2.264e-07	185.21
1.9208e-07	186.39	0.50004	186.26	2.2707e-07	186.56
1.9234e-07	188.07	0.50004	187.64	2.2664e-07	188.57
1.9208e-07	189.75	0.50004	189.62	2.2605e-07	189.92
1.9216e-07	191.1	0.50005	190.97	2.2578e-07	191.27
1.9137e-07	192.45	0.50004	192.32	2.2779e-07	192.62
1.9176e-07	193.8	0.50004	193.67	2.2672e-07	193.97
1.9219e-07	195.15	0.50004	195.02	2.2645e-07	195.32
1.9147e-07	196.5	0.50004	196.37	2.2619e-07	196.67
1.9268e-07	197.85	0.50004	197.71	2.2638e-07	198.01
1.9271e-07	199.2	0.50004	199.06	2.2789e-07	199.36
1.9279e-07	200.55	0.50004	200.41	2.2704e-07	200.71
1.9187e-07	201.89	0.50004	201.76	2.276e-07	202.06
1.9234e-07	203.58	0.50004	203.17	2.2734e-07	204.08
1.9221e-07	205.26	0.50004	205.13	2.2703e-07	205.43
1.9186e-07	206.61	0.50004	206.48	2.265e-07	206.78
1.9148e-07	207.96	0.50004	207.82	2.2643e-07	208.13
1.9183e-07	209.31	0.50004	209.17	2.2712e-07	209.47
1.9228e-07	210.66	0.50004	210.52	2.2691e-07	210.82
1.9134e-07	212	0.50004	211.87	2.2643e-07	212.17
1.9132e-07	213.35	0.50004	213.22	2.2731e-07	213.52
1.9188e-07	214.7	0.50004	214.57	2.2754e-07	214.87
1.923e-07	216.05	0.50004	215.92	2.269e-07	216.22
1.9227e-07	217.4	0.50004	217.27	2.2607e-07	217.57
1.9255e-07	219.08	0.50004	218.65	2.2654e-07	219.58
1.9195e-07	220.77	0.50004	220.63	2.2674e-07	220.93
1.9238e-07	222.11	0.50004	221.98	2.274e-07	222.28
1.918e-07	223.46	0.50004	223.33	2.2718e-07	223.63
1.9208e-07	224.81	0.50004	224.68	2.2777e-07	224.98
1.9143e-07	226.16	0.50004	226.03	2.2724e-07	226.33
1.9164e-07	227.51	0.50004	227.38	2.2746e-07	227.68
1.913e-07	228.86	0.50004	228.73	2.2819e-07	229.03
1.9092e-07	230.21	0.50004	230.08	2.2743e-07	230.38
1.9085e-07	231.56	0.50004	231.42	2.2878e-07	231.73
1.9152e-07	232.91	0.50004	232.77	2.2842e-07	233.07
1.9175e-07	234.59	0.50004	234.16	2.2868e-07	235.09
1.9101e-07	236.27	0.50004	236.14	2.2819e-07	236.44
1.9032e-07	237.62	0.50004	237.49	2.2811e-07	237.79
1.9094e-07	238.97	0.50004	238.84	2.2755e-07	239.14
1.9137e-07	240.32	0.50004	240.19	2.2836e-07	240.49
1.9055e-07	241.67	0.50004	241.53	2.2864e-07	241.84
1.9207e-07	243.02	0.50004	242.88	2.2825e-07	243.18
1.9181e-07	244.37	0.50004	244.23	2.2839e-07	244.53
1.9118e-07	245.71	0.50004	245.58	2.2841e-07	245.88
1.9117e-07	247.06	0.50004	246.93	2.2775e-07	247.23
1.9188e-07	248.41	0.50004	248.28	2.2882e-07	248.58
1.9088e-07	250.1	0.50005	249.66	2.2808e-07	250.6
1.9084e-07	251.78	0.50005	251.64	2.2738e-07	251.95
1.9108e-07	253.13	0.50005	252.99	2.2856e-07	253.29
1.91e-07	254.48	0.50005	254.34	2.2858e-07	254.64
1.9201e-07	255.83	0.50005	255.69	2.2909e-07	255.99
1.9136e-07	257.17	0.50005	257.04	2.2912e-07	257.34
1.9195e-07	258.52	0.50005	258.39	2.2888e-07	258.69
1.9293e-07	259.87	0.50004	259.74	2.2793e-07	260.04
1.9337e-07	261.22	0.50004	261.09	2.2944e-07	261.39
1.9205e-07	262.57	0.50004	262.44	2.2834e-07	262.74
1.9281e-07	263.92	0.50004	263.79	2.2746e-07	264.09
1.9218e-07	265.6	0.50004	265.17	2.2715e-07	266.1
1.9236e-07	267.28	0.50005	267.15	2.2665e-07	267.45
1.926e-07	268.63	0.50004	268.5	2.2622e-07	268.8
1.9255e-07	269.98	0.50004	269.85	2.2733e-07	270.15
1.9214e-07	271.33	0.50004	271.2	2.2574e-07	271.5
1.9286e-07	272.68	0.50004	272.55	2.2593e-07	272.85
1.9279e-07	274.03	0.50004	273.9	2.2581e-07	274.2
1.9252e-07	275.38	0.50004	275.25	2.2838e-07	275.55
1.9227e-07	276.73	0.50004	276.59	2.2884e-07	276.9
1.9157e-07	278.08	0.50004	277.94	2.291e-07	278.24
1.9139e-07	279.43	0.50004	279.29	2.2934e-07	279.59
1.9145e-07	281.11	0.50004	280.67	2.2934e-07	281.61
1.9164e-07	282.79	0.50004	282.66	2.2897e-07	282.96
1.9166e-07	284.14	0.50004	284.01	2.2973e-07	284.31
1.9161e-07	285.49	0.50004	285.36	2.2989e-07	285.66
1.9173e-07	286.84	0.50005	286.7	2.2862e-07	287.01
1.9155e-07	288.19	0.50004	288.05	2.2912e-07	288.35
1.9095e-07	289.54	0.50005	289.4	2.2873e-07	289.7
1.9115e-07	290.88	0.50004	290.75	2.2767e-07	291.05
1.9154e-07	292.23	0.50005	292.1	2.2772e-07	292.4
1.908e-07	293.58	0.50005	293.45	2.2844e-07	293.75
1.9126e-07	294.93	0.50005	294.8	2.2891e-07	295.1
1.9134e-07	296.62	0.50005	296.18	2.2827e-07	297.12
1.913e-07	298.3	0.50005	298.16	2.2863e-07	298.47
1.9122e-07	299.65	0.50004	299.51	2.2865e-07	299.81
1.9177e-07	301	0.50004	300.86	2.2849e-07	301.16
1.9186e-07	302.34	0.50005	302.21	2.285e-07	302.51
1.9174e-07	303.69	0.50004	303.56	2.2829e-07	303.86
1.9125e-07	305.04	0.50004	304.91	2.2832e-07	305.21
1.9201e-07	306.39	0.50004	306.26	2.2794e-07	306.56
1.9077e-07	307.74	0.50004	307.61	2.2745e-07	307.91
1.9132e-07	309.09	0.50004	308.96	2.2793e-07	309.26
1.9151e-07	310.44	0.50004	310.31	2.2745e-07	310.61
1.9044e-07	312.12	0.50004	311.69	2.2807e-07	312.62
1.9086e-07	313.8	0.50004	313.67	2.2755e-07	313.97
1.9092e-07	315.15	0.50005	315.02	2.2875e-07	315.32
1.9042e-07	316.5	0.50004	316.37	2.2924e-07	316.67
1.9055e-07	317.85	0.50004	317.72	2.2912e-07	318.02
1.9016e-07	319.2	0.50004	319.07	2.2928e-07	319.37
1.9068e-07	320.55	0.50004	320.42	2.2895e-07	320.72
1.8989e-07	321.9	0.50004	321.76	2.2913e-07	322.07
1.8992e-07	323.25	0.50004	323.11	2.2913e-07	323.41
1.9039e-07	324.6	0.50004	324.46	2.294e-07	324.76
1.9053e-07	325.95	0.50004	325.81	2.2894e-07	326.11
1.9059e-07	327.68	0.50004	327.25	2.2861e-07	328.18
1.901e-07	329.37	0.50004	329.23	2.2847e-07	329.53
1.9037e-07	330.72	0.50004	330.58	2.2867e-07	330.88
1.906e-07	332.06	0.50004	331.93	2.2914e-07	332.23
1.9039e-07	333.41	0.50005	333.28	2.2919e-07	333.58
1.9113e-07	334.76	0.50004	334.63	2.3028e-07	334.93
1.9073e-07	336.11	0.50005	335.98	2.2971e-07	336.28
1.9103e-07	337.46	0.50005	337.33	2.2915e-07	337.63
1.9065e-07	338.81	0.50004	338.68	2.2944e-07	338.98
1.9049e-07	340.16	0.50005	340.02	2.2942e-07	340.33
1.905e-07	341.51	0.50004	341.37	2.2947e-07	341.68
1.9094e-07	343.19	0.50004	342.76	2.2986e-07	343.69
1.909e-07	344.87	0.50005	344.74	2.2872e-07	345.04
1.9173e-07	346.22	0.50005	346.09	2.2911e-07	346.39
1.9203e-07	347.57	0.50005	347.44	2.2996e-07	347.74
1.9267e-07	348.92	0.50005	348.79	2.3029e-07	349.09
1.9294e-07	350.27	0.50005	350.13	2.2954e-07	350.44
1.9222e-07	351.62	0.50004	351.48	2.3064e-07	351.79
1.9207e-07	352.97	0.50004	352.83	2.3091e-07	353.13
1.9121e-07	354.32	0.50005	354.18	2.3091e-07	354.48
1.9113e-07	355.66	0.50005	355.53	2.3069e-07	355.83
1.9118e-07	357.01	0.50004	356.88	2.3018e-07	357.18
1.9067e-07	358.7	0.50004	358.26	2.2929e-07	359.2
1.9076e-07	360.38	0.50004	360.24	2.2946e-07	360.55
1.9059e-07	361.73	0.50004	361.59	2.299e-07	361.9
1.9183e-07	363.08	0.50004	362.94	2.2964e-07	363.24
1.9118e-07	364.43	0.50004	364.29	2.3033e-07	364.59
1.9111e-07	365.78	0.50004	365.64	2.3049e-07	365.94
1.9087e-07	367.12	0.50004	366.99	2.3005e-07	367.29
1.9079e-07	368.47	0.50004	368.34	2.307e-07	368.64
1.9148e-07	369.82	0.50005	369.69	2.3038e-07	369.99
1.9112e-07	371.17	0.50004	371.04	2.2996e-07	371.34
1.916e-07	372.52	0.50004	372.39	2.3003e-07	372.69
1.9094e-07	374.2	0.50004	373.77	2.3055e-07	374.7
1.9021e-07	375.89	0.50004	375.75	2.3051e-07	376.05
1.9168e-07	377.23	0.50004	377.1	2.3052e-07	377.4
1.9179e-07	378.58	0.50004	378.45	2.3058e-07	378.75
1.9113e-07	379.93	0.50004	379.8	2.2923e-07	380.1
1.9083e-07	381.28	0.50004	381.15	2.3016e-07	381.45
1.9122e-07	382.63	0.50004	382.5	2.2985e-07	382.8
1.9101e-07	383.98	0.50004	383.85	2.2921e-07	384.15
1.9107e-07	385.33	0.50004	385.19	2.2801e-07	385.5
1.9135e-07	386.68	0.50005	386.54	2.2795e-07	386.85
1.9184e-07	388.03	0.50005	387.89	2.2867e-07	388.19
1.9162e-07	389.71	0.50004	389.28	2.2915e-07	390.21
1.9194e-07	391.39	0.50004	391.26	2.2854e-07	391.56
1.912e-07	392.74	0.50004	392.61	2.2886e-07	392.91
1.9077e-07	394.09	0.50004	393.96	2.2884e-07	394.26
1.9018e-07	395.46	0.50004	395.33	2.29e-07	395.63
1.9088e-07	396.81	0.50004	396.67	2.2859e-07	396.98
1.9095e-07	398.16	0.50004	398.02	2.2944e-07	398.32
1.9086e-07	399.51	0.50004	399.37	2.2954e-07	399.67
1.9058e-07	400.86	0.50005	400.72	2.286e-07	401.02
1.9121e-07	402.2	0.50004	402.07	2.2914e-07	402.37
1.9112e-07	403.55	0.50004	403.42	2.2851e-07	403.72
1.9115e-07	405.24	0.50004	404.8	2.293e-07	405.74
1.9086e-07	406.92	0.50004	406.78	2.2884e-07	407.09
1.9137e-07	408.27	0.50004	408.13	2.2927e-07	408.43
1.915e-07	409.62	0.50004	409.48	2.2954e-07	409.78
1.9149e-07	410.97	0.50004	410.83	2.2965e-07	411.13
1.9135e-07	412.31	0.50004	412.18	2.2911e-07	412.48
1.9125e-07	413.66	0.50004	413.53	2.2884e-07	413.83
1.91e-07	415.01	0.50004	414.88	2.2954e-07	415.18
1.9052e-07	416.36	0.50004	416.23	2.2877e-07	416.53
1.9083e-07	417.71	0.50004	417.58	2.3068e-07	417.88
1.913e-07	419.06	0.50004	418.93	2.2999e-07	419.23
1.9252e-07	420.74	0.50004	420.31	2.2917e-07	421.24
1.9282e-07	422.42	0.50004	422.29	2.2954e-07	422.59
1.9159e-07	423.77	0.50004	423.64	2.2952e-07	423.94
1.9144e-07	425.12	0.50004	424.99	2.2955e-07	425.29
1.9171e-07	426.47	0.50004	426.34	2.3007e-07	426.64
1.9255e-07	427.82	0.50004	427.69	2.3028e-07	427.99
1.9242e-07	429.17	0.50004	429.04	2.3037e-07	429.34
1.9235e-07	430.52	0.50004	430.39	2.2951e-07	430.69
1.9161e-07	431.87	0.50004	431.73	2.2902e-07	432.04
1.9205e-07	433.22	0.50004	433.08	2.2921e-07	433.39
1.9243e-07	434.57	0.50004	434.43	2.2893e-07	434.73
1.9215e-07	436.25	0.50004	435.81	2.2759e-07	436.75
1.9141e-07	437.93	0.50004	437.8	2.3116e-07	438.1
1.9153e-07	439.28	0.50004	439.15	2.3197e-07	439.45
1.9238e-07	440.63	0.50004	440.5	2.315e-07	440.8
1.9284e-07	441.98	0.50004	441.84	2.3065e-07	442.15
1.9256e-07	443.33	0.50004	443.19	2.2885e-07	443.5
1.9287e-07	444.68	0.50004	444.54	2.296e-07	444.84
1.9278e-07	446.03	0.50004	445.89	2.3028e-07	446.19
1.9275e-07	447.37	0.50004	447.24	2.3021e-07	447.54
1.9226e-07	448.72	0.50004	448.59	2.3049e-07	448.89
1.9322e-07	450.07	0.50004	449.94	2.3074e-07	450.24
1.9269e-07	451.76	0.50004	451.32	2.3271e-07	452.26
1.9234e-07	453.44	0.50004	453.3	2.3235e-07	453.61
1.9326e-07	454.79	0.50004	454.65	2.3192e-07	454.95
1.9262e-07	456.14	0.50004	456	2.32e-07	456.3
1.9242e-07	457.48	0.50004	457.35	2.3218e-07	457.65
1.9295e-07	458.83	0.50004	458.7	2.3174e-07	459
1.9361e-07	460.18	0.50004	460.05	2.3226e-07	460.35
1.9297e-07	461.53	0.50004	461.4	2.3201e-07	461.7
1.9318e-07	462.88	0.50004	462.75	2.3268e-07	463.05
1.9296e-07	464.23	0.50005	464.1	2.3226e-07	464.4
1.9297e-07	465.58	0.50004	465.44	2.3188e-07	465.75
1.9309e-07	467.26	0.50004	466.83	2.3141e-07	467.76
1.9306e-07	468.94	0.50004	468.81	2.3146e-07	469.11
1.9239e-07	470.29	0.50004	470.16	2.3147e-07	470.46
1.9337e-07	471.64	0.50004	471.51	2.3139e-07	471.81
1.9318e-07	472.99	0.50005	472.86	2.3129e-07	473.16
1.9307e-07	474.34	0.50004	474.21	2.3187e-07	474.51
1.9279e-07	475.69	0.50004	475.55	2.3185e-07	475.86
1.9362e-07	477.04	0.50004	476.9	2.3089e-07	477.21
1.9332e-07	478.39	0.50004	478.25	2.3107e-07	478.55
1.9274e-07	479.74	0.50004	479.6	2.3229e-07	479.9
1.9286e-07	481.09	0.50004	480.95	2.3082e-07	481.25
1.9254e-07	482.77	0.50004	482.33	2.3215e-07	483.27
1.9252e-07	484.45	0.50004	484.32	2.3113e-07	484.62
1.928e-07	485.8	0.50004	485.66	2.3126e-07	485.97
1.935e-07	487.15	0.50004	487.01	2.3152e-07	487.32
1.9302e-07	488.5	0.50004	488.36	2.311e-07	488.67
1.928e-07	489.85	0.50004	489.71	2.3091e-07	490.01
1.9245e-07	491.2	0.50004	491.06	2.3149e-07	491.36
1.9358e-07	492.54	0.50004	492.41	2.3027e-07	492.71
1.9334e-07	493.89	0.50004	493.76	2.3099e-07	494.06
1.9333e-07	495.24	0.50004	495.11	2.3068e-07	495.41
1.9325e-07	496.59	0.50004	496.46	2.2906e-07	496.76
1.9278e-07	498.27	0.50004	497.84	2.2802e-07	498.78
1.9275e-07	499.96	0.50004	499.82	2.2844e-07	500.12
1.9273e-07	501.31	0.50004	501.17	2.286e-07	501.47
1.9271e-07	502.65	0.50004	502.52	2.2838e-07	502.82
1.9313e-07	504	0.50004	503.87	2.2808e-07	504.17
1.9308e-07	505.35	0.50004	505.22	2.2771e-07	505.52
1.9351e-07	506.7	0.50004	506.57	2.2968e-07	506.87
1.9274e-07	508.05	0.50004	507.92	2.2784e-07	508.22
1.9272e-07	509.4	0.50004	509.26	2.2818e-07	509.57
1.9344e-07	510.75	0.50004	510.61	2.265e-07	510.92
1.9302e-07	512.1	0.50004	511.96	2.2693e-07	512.27
1.9288e-07	513.78	0.50004	513.35	2.2799e-07	514.28
1.9277e-07	515.46	0.50004	515.33	2.2897e-07	515.63
1.9326e-07	516.81	0.50004	516.68	2.2914e-07	516.98
1.9235e-07	518.16	0.50004	518.03	2.279e-07	518.33
1.9267e-07	519.51	0.50004	519.38	2.2961e-07	519.68
1.9228e-07	520.86	0.50004	520.72	2.2874e-07	521.03
1.9246e-07	522.21	0.50004	522.07	2.2857e-07	522.38
1.9225e-07	523.56	0.50004	523.42	2.2871e-07	523.72
1.9193e-07	524.91	0.50004	524.77	2.2868e-07	525.07
1.9258e-07	526.26	0.50004	526.12	2.297e-07	526.42
1.9255e-07	527.6	0.50004	527.47	2.3062e-07	527.77
1.9256e-07	529.29	0.50004	528.85	2.2943e-07	529.79
1.9286e-07	530.97	0.50005	530.83	2.2899e-07	531.14
1.9293e-07	532.32	0.50004	532.18	2.2782e-07	532.49
1.9236e-07	533.67	0.50004	533.53	2.2805e-07	533.83
1.9282e-07	535.02	0.50004	534.88	2.2832e-07	535.18
1.9257e-07	536.37	0.50004	536.23	2.288e-07	536.53
1.9304e-07	537.71	0.50004	537.58	2.2848e-07	537.88
1.9261e-07	539.06	0.50004	538.93	2.2768e-07	539.23
1.9255e-07	540.41	0.50004	540.28	2.2822e-07	540.58
1.927e-07	541.76	0.50004	541.63	2.2834e-07	541.93
1.9358e-07	543.11	0.50004	542.98	2.2773e-07	543.28
1.9315e-07	544.79	0.50004	544.36	2.2972e-07	545.29
1.9242e-07	546.48	0.50004	546.34	2.2911e-07	546.64
1.9231e-07	547.82	0.50004	547.69	2.2872e-07	547.99
1.9283e-07	549.17	0.50005	549.04	2.2849e-07	549.34
1.9219e-07	550.52	0.50005	550.39	2.2888e-07	550.69
1.9241e-07	551.87	0.50004	551.74	2.2899e-07	552.04
1.9247e-07	553.22	0.50004	553.09	2.2877e-07	553.39
1.9295e-07	554.57	0.50004	554.43	2.2803e-07	554.74
1.9298e-07	555.92	0.50004	555.78	2.2763e-07	556.09
1.9266e-07	557.27	0.50004	557.13	2.2876e-07	557.44
1.9276e-07	558.62	0.50004	558.48	2.2898e-07	558.78
1.9252e-07	560.3	0.50005	559.86	2.2862e-07	560.8
1.9278e-07	561.98	0.50005	561.85	2.3057e-07	562.15
1.9289e-07	563.33	0.50005	563.2	2.3095e-07	563.5
1.9301e-07	564.68	0.50005	564.54	2.3118e-07	564.85
1.9253e-07	566.03	0.50004	565.89	2.3054e-07	566.2
1.9206e-07	567.38	0.50004	567.24	2.3127e-07	567.55
1.9299e-07	568.73	0.50004	568.59	2.317e-07	568.89
1.9282e-07	570.08	0.50005	569.94	2.2722e-07	570.24
1.9284e-07	571.42	0.50004	571.29	2.2698e-07	571.59
1.9332e-07	572.77	0.50005	572.64	2.2572e-07	572.94
1.9297e-07	574.12	0.50005	573.99	2.2672e-07	574.29
1.9288e-07	575.81	0.50005	575.37	2.258e-07	576.31
1.9297e-07	577.49	0.50005	577.35	2.2681e-07	577.66
1.9263e-07	578.84	0.50005	578.7	2.262e-07	579
1.9246e-07	580.19	0.50004	580.05	2.2536e-07	580.35
